324569
849622
555693
524009
567584
179041
 43676
101767
714348
 75029
723562
 87262
941460
280669
764173
647983
498184
209782
358031
952158
980929
496084
289997
801987
464584
 43425
841055
389798
779894
718040
366404
616283
567662
438450
140293
651599
617491
183969
753366
331839
775350
993280
419101
233162
273950
699626
881146
288486
425760
239177
756996
406690
251613
 46993
208677
716197
 90419
566085
622348
386665
284125
988752
  2949
368140
427202
143242
 19739
561045
843563
289457
892885
618914
799090
828338
852076
 73040
 44317
733222
877878
470077
488751
634874
393119
740364
198220
601797
972914
804991
684234
595262
191656
484711
584014
194605
852851
527569
854199
872590
604966
697763
678400
497851
316677
477490
842542
685105
 66882
886859
418328
944760
356936
907079
 95986
750056
163796
294206
868205
136710
 99197
 68791
731972
807206
553502
832338
  1811
406354
876259
856011
795296
481226
553774
473696
495429
386803
951186
337971
 71908
534420
741182
  6588
479180
614471
913668
 91519
880879
593816
902077
265436
730526
517627
334227
978850
324833
887729
327540
326644
810435
720152
699007
605732
201378
769133
 79428
213159
672288
546967
 67483
744197
 81387
325017
750785
 76920
939488
180805
684791
820367
774621
586868
602155
 21499
104495
936382
516701
945680
340464
360594
272325
150899
 80746
487684
756631
798476
773170
352412
 11635
445458
899379
595470
189655
497118
920488
456793
 90390
376328
153950
775181
713048
444924
362050
315203
982775
982897
251586
499477
928578
108402
860071
717255
259301
457169
721291
532285
255645
494461
884697
783632
939920
300428
895455
645927
797546
815943
619072
887937
192271
773023
179470
905319
734299
541520
736875
717074
 40770
988461
216551
485700
613215
592974
719307
872516
566495
440598
404801
822140
451412
805850
122125
391332
106278
 17580
553611
420177
349875
172684
824466
542146
462059
  3936
963818
196358
545457
700693
913432
102579
205506
646336
104631
818721
755662
823938
207589
322158
780888
128743
660650
232300
934593
782775
623632
 40872
316707
693596
461049
666582
866280
285515
725081
844691
805803
688899
 41049
351260
905944
470833
970191
111450
117169
 74822
446523
872832
898760
654112
711342
196001
782855
371992
428301
717449
671120
568286
274673
987827
261882
252074
170762
644514
 53941
895843
489205
859744
584742
530254
727357
490686
517439
213900
118488
634609
288723
565011
 23793
703835
219123
251487
899836
518331
623479
328138
752132
810951
412776
 26805
798779
674658
795231
969541
835524
849172
381736
324729
225268
966478
371335
468977
973516
888774
682878
 92004
 39735
487953
173367
 63528
191788
392490
315015
607977
427173
454847
452467
179305
265798
865243
722462
580929
 56253
517693
 66822
891777
883217
448558
732858
108486
931388
104193
 93815
904904
992967
776693
513260
 32703
264646
686627
612583
972787
595470
443951
 97116
 22643
898798
 65935
201949
680948
447530
924411
261878
503783
442105
845052
911912
841674
293611
644770
466512
224999
748963
560328
646256
258282
337021
675868
807337
118020
362496
936273
607159
957966
380224
220627
980609
795374
286562
698910
992674
734092
623322
770904
754227
581779
615957
666139
423453
425920
827261
406318
167271
576224
966646
329879
350858
820019
  5748
674548
454391
368244
127173
 61550
842562
 23749
282177
339523
335475
568739
 38434
328149
819183
178108
615406
573410
276239
231363
755901
216044
173635
583162
622362
340906
675738
589008
187138
542949
925380
192886
217497
379771
561130
344670
957674
920044
884771
239851
259567
220246
324943
814353
548395
660478
992461
163801
233889
268700
911516
989790
  1097
 85151
 89305
623459
942410
765043
728820
129548
307992
654200
838786
 41841
 33971
399916
902863
507997
836312
787634
747849
 95879
  7880
589144
910233
 72628
249622
419046
752781
999863
204099
664298
506006
205196
265801
595311
828655
724563
360354
557475
370463
184699
728027
209249
226540
278351
125517
129404
786348
961829
433390
 50549
574061
441271
639693
484294
513899
405668
419692
266680
405531
623791
447330
427889
828987
229484
 23200
657643
954047
899907
731470
840863
600958
459498
 50112
827498
254201
175630
473254
 40549
653811
906645
 91099
227872
864268
247144
228518
894519
652812
648211
677551
574696
272002
124882
  2585
617342
870718
542138
791337
341117
958397
522807
181980
559355
498657
232093
903205
269210
924075
376460
309760
 94238
799457
917211
322111
663725
164355
 66981
558244
333520
715192
235795
908216
503547
877029
427153
637241
747747
485643
428578
605217
444040
467737
787197
519747
966395
535642
422953
751957
976069
315765
 61717
 70308
115222
978928
908771
295299
659636
975752
369895
509508
207297
122042
934076
227196
999072
361229
864437
263171
363225
293015
868388
323617
760752
171938
843365
243499
707580
266318
995457
683650
582083
573526
753958
213657
 68807
179081
508956
728443
154833
878851
237951
878482
   893
688379
105678
516317
 49608
970115
295841
929185
263130
680581
252803
540235
852519
 96168
300086
 76452
878838
295543
760102
460921
385422
 30412
190930
454229
209493
216238
699024
880678
611441
453327
759161
612334
141706
864839
645004
707666
351307
457197
636852
130789
137778
889655
187376
506650
985823
487463
583102
381013
783006
343204
358286
168428
889968
549216
139009
615813
765454
838033
 12843
376895
291360
772004
505581
433066
153196
666937
140733
 20855
124134
293937
151644
261913
183592
339021
768563
685767
826484
351665
 66780
125842
211221
425066
810623
617541
490634
949632
233354
256088
304018
246197
149335
595378
534554
654916
544797
204102
838206
201882
224957
962340
495819
376601
224253
195763
231974
509168
881530
574810
377185
464662
700653
588406
406080
 27628
722299
896714
493612
472005
669154
797630
234555
818489
909361
769109
989757
454158
489563
827963
172392
714520
306656
668211
607473
530909
380326
355800
556430
261856
930610
933615
242870
147615
 38374
648950
175243
760673
 62016
185208
232679
731170
982838
983586
 66011
892199
269047
572120
862709
758610
916436
 35101
989482
223092
703312
596955
270353
599990
952755
826783
861846
399718
760399
621068
547333
798773
786370
238929
 75798
848386
424137
824829
 95908
406975
808415
678271
815527
 77462
250392
678236
836072
166828
713338
825554
906272
933002
938862
176625
532993
407969
  3409
911191
807687
280160
 48612
355021
 78933
834982
110302
154731
199721
534439
495913
811981
457766
304328
490253
789645
381791
256997
467882
734215
940177
697572
 76122
846449
146926
531336
539426
196271
939305
542835
107463
746993
822995
672427
618366
418280
507409
728668
 89364
223482
779459
585277
551816
237225
405957
 42069
 26871
304100
815418
 11105
554668
755595
225029
630790
118396
371955
162126
657822
568227
617783
717010
192042
364776
540005
864469
983142
474638
888230
228162
 80354
111713
  7621
181983
663529
761199
587940
221950
788070
892041
 37368
315527
446709
309315
540556
593851
427711
428863
272329
 85533
997090
890112
802543
189132
771241
858901
 53601
270735
849891
941832
498898
930245
569897
506519
112228
749778
267718
216520
488080
572140
624913
525448
887667
587974
834763
944575
181825
262474
373439
970506
864359
886881
376971
666903
 76014
148212
525804
645967
418947
375695
104151
917845
822292
190400
940717
450872
940178
208435
667392
428258
296928
292306
470058
700947
396632
821173
645523
578458
599999
535314
 65316
464359
422195
442287
647614
 14561
590499
689770
660529
525799
 65465
281032
443644
404109
471433
900713
854981
411611
625501
 38725
356222
922429
847383
342632
623376
244016
163806
785251
338826
280157
836917
404142
744516
775465
846430
908482
790026
953281
598252
450555
479080
180069
731588
439077
584178
719373
856142
955511
647336
481643
994237
  3558
404072
841620
862543
543801
 85636
 26349
845404
424462
822858
198674
344957
 83727
974139
707739
992209
764165
661020
590462
731073
656453
770531
979013
611882
354710
698386
468024
310221
345722
949668
304458
865633
870092
662431
728176
930245
748067
270877
292002
688882
 93735
490676
550191
177462
464815
257930
169672
745332
918950
760134
476405
 91755
530665
971770
703637
401727
670156
171662
228301
532231
637682
532759
397864
507774
711542
642392
438020
975962
913269
730022
664844
523356
737050
215035
700819
201865
472965
386843
947197
908267
663329
939955
516375
710346
911725
220012
112074
 98234
908026
340375
630465
545708
389486
544681
569835
101029
187073
524207
 76991
616694
770581
258187
140050
507631
989574
357221
225848
978891
744064
689397
403510
407393
629352
919885
117740
 57430
656250
746166
672016
564276
602893
818833
626337
992379
363514
712524
609760
 66939
236731
686751
683633
523664
461290
340035
 31295
450864
697257
257143
429755
957673
462892
833266
881419
608597
753151
515511
666027
925753
778029
854395
490030
380922
673228
632719
373301
 36742
345243
983062
620033
 98326
186165
820018
621990
647456
160053
653285
614672
373662
426780
 44428
847688
889672
394046
729107
 14621
663549
760970
680648
589303
538999
 51395
595685
919921
724623
228404
809574
277717
 89999
792636
897750
188325
495154
717768
810315
658962
394174
979952
273634
767836
406732
834414
131876
812756
228460
377335
343730
892010
138305
540730
997665
193656
592126
593350
629929
316749
338106
439504
594467
428105
748492
492217
616430
243646
726338
943097
902608
120512
923049
692595
404700
846133
527009
536577
175241
755470
913912
518971
163832
 52218
 59702
677849
762226
651828
271199
392156
968577
125657
831660
563044
553762
 96504
571614
686544
340151
297952
629641
759111
418464
552690
968058
823164
398823
495068
876093
 90416
766890
790006
609388
447074
358576
669090
124923
120802
837270
912474
 29310
805847
 38131
860970
885244
591893
957475
973210
278437
813978
271162
424430
 89441
205978
977120
 57500
 29142
892295
 68920
905236
982711
352162
211594
108451
799236
570170
293893
440511
207324
131163
352985
236635
453363
907468
613957
854959
 15713
 87784
828169
810502
418114
615683
234932
507556
821661
728404
 81408
367155
620699
666680
788743
119762
 18842
   337
744566
818078
 86859
 38459
258589
294184
685975
127926
530819
655690
 35394
661128
 27001
 51107
748913
371522
861609
167027
987205
612893
190935
808866
341297
788695
176021
961996
971727
964765
598110
990569
481454
342676
324999
568314
897488
 99940
862498
 99815
227866
909669
271857
779612
 87149
815210
347071
836062
186732
725032
519442
173937
337925
226729
499155
679222
531777
191528
157570
503504
672645
272033
494074
154100
131061
335425
238766
544901
435366
101264
644716
179584
527285
432925
959197
614434
248135
822620
966849
434867
547653
  2643
125156
401930
229372
140663
597505
761149
332192
271427
264654
521189
543460
275080
191641
674522
610505
430407
219423
 45871
531671
380492
225456
575308
329769
701005
706095
577905
 39977
672944
529124
587630
191939
170633
505913
421311
827648
103418
698813
676192
374845
963467
197382
918306
754899
389023
109180
365404
819431
844955
927628
867454
741799
669436
442763
 71569
370441
665210
165826
410418
854506
211302
514401
 46445
381935
 20314
984108
209584
640084
682921
885776
 14929
162740
599510
449587
917639
988534
 75119
283044
324317
920075
727024
191771
178226
396460
150886
766147
766901
332448
931973
693671
186954
143276
724424
233399
 41563
261090
217508
767499
901174
416781
169628
432456
579522
285490
882043
497161
274024
957163
296557
114693
393590
 23581
306465
571816
420041
973703
337964
703294
306152
786289
913318
493106
445917
154094
242858
487481
415185
976718
771332
316359
393499
457312
748815
489373
742803
147211
502887
533179
104374
799444
647873
497964
339378
954338
586132
275771
444393
924096
979066
750545
226738
408736
760004
672655
562830
  2862
160136
494367
495932
447821
810727
405783
905133
 75894
895157
164288
739457
398044
697468
843831
713840
345341
858147
 53218
816031
960632
328990
776776
401080
824408
527322
627818
749496
803678
300474
828678
322892
976962
323046
818824
424783
133773
224607
846269
726019
636116
 10557
465477
 34160
224377
825660
264353
 86070
200160
317571
418453
160792
162913
195230
561872
503673
722552
189691
769521
 42582
490165
598200
365474
467127
921246
184298
408263
571371
925257
254532
297390
561374
781441
279219
111886
522171
104880
376239
608241
305040
210163
 26695
982184
889428
221925
544056
909454
460829
733747
678975
503411
223912
277175
868885
207392
198421
569535
615655
769792
494792
386539
583535
 56166
684332
862754
684405
206503
483986
 60644
814745
305378
787159
357792
287562
192940
579717
831619
102394
556898
 81718
781369
 60309
821983
574897
929194
545727
289670
498729
161382
 59463
509873
 64273
159350
 82392
748605
538456
766797
955109
 22443
343793
286206
844173
130953
643998
648088
323893
740067
996059
942639
296965
 77777
724008
357274
416112
815257
802820
961839
104928
817901
123221
680743
844126
703846
840093
926518
452452
378549
693315
923913
917344
 37109
210119
277870
684414
370469
925958
524659
110536
922017
467298
923853
516146
707658
797479
932259
522916
116651
894098
144196
450904
533672
824939
295030
237518
665032
221549
206322
559933
914864
130235
993630
468325
856706
271500
669091
227175
713810
193750
854063
635827
177400
294268
668325
401411
 91747
600584
440679
208398
 11035
584875
659302
 61059
409814
954333
298577
591198
692234
 21252
667483
607098
151487
661113
591776
  8194
448965
260867
751721
162775
970970
122137
314954
664722
416405
983280
 66133
508153
100216
 23164
232903
111251
608039
408558
172310
534205
879243
987240
641755
571477
  8492
309239
694927
159979
486704
286703
684525
935670
 63923
952599
614797
551245
 74736
929752
215967
491141
429384
798453
515646
529600
821617
748550
640852
946009
673460
329514
996566
552703
316754
638322
124180
841598
463913
819107
517930
466969
622163
202455
918991
686086
155054
533789
753683
746142
979893
969650
753636
409277
284455
269282
455229
622425
534184
612433
568434
207644
941948
 81352
760347
775054
236026
400879
616653
216291
219987
134583
683261
842150
853390
602252
 44588
524797
652393
798271
270939
148638
284273
540927
 74267
 85081
326562
529497
707506
860746
141930
792292
584743
600230
873644
861442
891637
626023
262322
508290
842314
998661
159225
525575
840811
 12615
644180
401751
 53764
296573
716374
841056
961564
516999
381983
 35831
602080
708545
565328
825938
 85644
223611
134582
670387
823841
524579
 48181
715478
150602
310503
740120
992916
825516
415697
 34844
182679
944665
679024
584430
998429
491949
817156
839485
453513
334156
737821
489345
452588
962718
571025
278527
 48362
794636
929461
235101
134830
454040
799635
366660
604642
110138
623133
597559
452007
 38830
148755
634686
983495
827779
219117
981925
319728
 36273
337762
289594
886781
591935
295291
339370
554654
866316
134249
119368
177305
580062
870822
828487
 34103
670457
711499
638745
296947
334632
752656
748954
373463
901411
383641
356958
245542
119110
855235
 81623
155383
709350
371217
558517
301285
182860
414239
372291
 49176
 64840
491660
742833
644902
362482
 87672
679005
 32939
799172
834103
329886
650156
103111
595193
 23619
  4523
978834
896930
766417
 97944
752165
848040
769679
977867
219257
328196
279153
402117
258787
167796
967646
323627
659456
226831
484882
538290
830856
163887
571229
630028
514342
417468
280184
617454
 12661
820156
138329
991495
717086
904746
605791
985603
752787
375470
963471
488396
220019
758976
890514
478806
926772
374512
318786
102581
117695
803668
640871
948551
483907
728453
578579
998250
145921
375116
132056
674934
195272
270385
182781
428710
691483
788572
930665
444270
680394
410488
449019
900413
169464
339533
379220
612589
230397
214358
715170
348092
 18026
356041
296644
 18285
600846
391575
 16535
746767
766691
664943
938053
478315
451680
637186
423377
143164
425758
354043
103786
106153
764531
552805
522918
450348
408690
902138
 62937
639087
116496
294459
503532
650874
650500
800176
669160
767699
191751
202047
 30818
474795
866991
968872
469462
318671
606058
892840
978187
548169
763235
598326
170674
527766
151131
693592
978114
559822
595731
557403
715261
228579
851862
218793
395806
 18715
535321
 64966
786414
727073
783365
817232
718220
650356
302456
187682
485380
908515
 80522
979919
973036
843757
578245
143710
887876
729377
837302
382342
805551
949385
939746
 37164
694317
307960
255958
 90123
326675
791279
671441
629441
 34704
454806
446674
752924
621515
265482
456959
623247
173997
537481
603166
147033
897591
697764
290743
301819
943493
644398
684161
265396
593783
140259
302560
288100
448220
 74870
894575
291247
382502
566016
920689
933558
 20823
883715
686483
158690
149197
143442
781937
839547
197275
901455
502932
611218
599219
310028
913037
 59064
954426
597199
324460
 64561
737458
627021
352662
702030
218243
247237
993278
600745
329606
430319
534304
350429
830386
737139
 25471
495935
396933
807408
851834
594208
225215
354767
205427
340787
181147
634816
399851
135573
232015
724312
716486
485826
351333
 69148
704208
569576
832738
213838
686674
162344
160509
220978
 29125
990895
474469
 54596
486831
871402
378356
338665
981962
603571
209784
703741
944358
390931
338558
344210
 42856
 86925
584874
759343
 89103
452559
344843
793312
 22135
693933
  7150
225161
372629
167660
962491
401754
674907
436960
972702
678090
824714
351058
533108
806677
470982
742892
510418
931692
650176
848976
792254
209384
935902
893480
485079
 25005
346039
829923
334669
884527
 40208
858172
109688
412838
542184
 72180
330944
217091
 25492
303647
895182
850207
171057
428290
656884
158391
687534
683654
606436
854062
532631
398690
 63447
984885
292171
548526
526242
154562
894801
377264
 39089
935010
235436
148778
864200
777620
737310
195144
511063
762802
498791
406245
129361
186201
350887
786245
344592
554774
469900
951028
408836
518883
866071
988635
 20120
674594
537162
546362
829156
948315
923626
868246
399677
159062
 17024
263877
453034
270686
459022
964098
 33488
474165
886695
162850
660366
753935
465447
  4959
825061
451699
472339
750249
970582
338410
738885
990702
529356
792399
 53417
358513
740714
977043
226759
140392
652458
760135
920621
621844
 30821
895995
585942
580661
370161
988990
743511
546879
259277
725311
 68190
 84338
177010
540530
834587
147593
395292
573472
654647
924649
882223
708064
799514
622938
201460
 26273
279682
370270
302760
716655
992114
333581
612651
 94409
430594
499164
599751
690458
 46043
859028
415769
630586
943366
592779
687468
777953
256724
 82760
867778
427724
523761
750001
652140
323275
889291
853600
865900
685325
740222
168660
401981
248689
 18593
530984
859450
449188
 30148
459201
139646
592543
318229
555415
739481
777947
664546
426949
 72252
437623
 26062
940030
865347
549823
206384
517487
873099
612027
887440
255351
297353
627662
424012
215686
392703
442605
746670
252153
408145
293170
711354
547791
402065
545935
619558
141547
323882
800457
568496
396135
238080
594558
852517
103427
660734
575253
137266
 50185
703633
 24706
305536
517338
168721
729548
733024
 77776
688506
996046
329930
 96651
805568
557636
160795
207633
103572
296705
865532
943806
 97162
950381
856293
335242
 61291
708811
955021
722025
800416
 92288
772210
504049
633346
 77747
 21387
318419
323647
270763
396196
528505
783161
242478
625157
588729
316466
302304
312715
420038
599009
178247
880197
696172
128628
736490
547766
189920
961653
502788
428297
278422
111428
716860
782471
261126
310959
320211
 95898
634606
107326
  8446
163112
890488
767276
304621
995569
 83742
123277
308284
 20133
722286
  2884
900330
934810
131512
153172
482577
837784
114826
501717
782434
393248
129497
499294
692071
906975
810253
528634
  2873
961211
635961
527671
640675
 42801
294947
945296
 38370
378690
584925
863007
915175
307212
865891
815505
758374
997403
485029
240951
351540
599855
259020
133974
509455
904869
149620
717879
328197
959873
246513
331070
921084
398826
375094
561760
441627
670041
 23408
996350
565083
608334
859357
996610
431898
725248
812115
190272
239003
297145
947576
106895
413352
722948
757221
439160
627818
906841
157039
956015
866714
403552
803437
304151
318731
694883
865911
276710
881277
405671
273060
962712
530357
648769
959323
962255
374017
771438
668880
129373
584935
616456
236268
514640
855756
993490
953800
483574
900331
110839
955941
283398
 30743
275731
587549
349474
970614
453460
626185
368243
375483
415597
330956
905841
 64367
290279
384448
954736
578069
 53328
 84109
163005
186136
320378
193997
 41893
830220
147797
525467
730551
774988
997761
 13949
322083
789844
601498
671558
276810
571310
814095
645054
463146
746044
976010
368987
810411
266289
269787
765148
844358
323116
365609
523715
509252
685987
717712
551145
 32559
381861
592965
763111
156849
107078
293412
478933
896922
411263
666843
173732
498925
997290
335138
962071
743334
311148
847410
 70098
 93789
117198
351598
938148
956666
717207
461863
465918
919547
695928
533416
952106
 77789
642733
231569
750991
749811
524982
229924
646733
452597
413119
336817
467874
926761
188308
946298
186447
499456
793708
256545
593246
427258
608143
 47746
900276
841703
 25961
882547
761250
721889
415963
713356
316031
 58696
944926
 67022
324859
986260
813298
487944
955209
742769
824761
423083
669530
529421
369381
855977
 28878
679442
112523
138476
623052
237018
702574
523329
 78721
728535
405876
839971
966777
338191
 69680
282808
913239
 14606
866182
238098
517218
195832
726042
472427
938601
 67155
895510
608131
596577
781244
464108
141807
460686
 92983
280283
600090
846354
499209
123419
441427
227744
 45647
797751
710873
900190
867431
510033
813429
398389
376215
 51527
915607
572047
777569
388034
 27000
361077
799896
635131
957654
581140
615592
 99461
558178
708575
896096
158269
554929
395305
798040
996357
139401
360040
794108
850275
260230
177891
360308
 73660
576280
252876
641539
491887
341275
419109
396273
368276
780186
196169
  3407
254192
293662
618999
870005
851840
843927
766101
526461
398856
161406
324502
911565
817159
684542
222025
667434
944772
399916
544095
534784
492548
796971
176324
984435
138246
111785
897060
506522
408323
 93230
 26282
662515
386892
161633
532520
755084
  5560
814973
281546
920769
492731
122400
832334
309890
323294
570712
977325
268066
486980
521420
319203
979529
834743
495527
480316
972989
123664
377377
995864
531987
986959
 22146
710854
890203
183779
243374
645287
705692
574699
443185
626461
 67430
565585
975147
377320
888879
545859
870997
673298
549192
908769
508853
528721
743512
  4380
525389
232854
644396
902766
228718
176383
406077
767216
887237
296280
467347
646963
457920
173039
221662
417457
315852
805444
983043
291000
699116
388274
353211
570114
577924
902403
995235
 86777
947476
255100
607509
472866
487954
251905
891984
233024
944640
814414
516592
831877
110694
500291
995192
 84966
673331
733206
502424
989183
538650
  1819
796535
754119
906445
149747
840585
   722
568502
835820
 87499
515979
607272
211361
505197
 95226
979618
913533
844602
924259
727947
877546
272488
354994
377838
267681
956312
567521
517239
458736
 73056
572242
976907
869592
326361
883353
535691
166946
884075
104193
  2766
487926
136524
610039
215639
641721
221617
195258
555255
582572
119517
799554
460118
392005
154548
354308
659686
627213
921829
693278
 85949
994886
265520
579209
380830
591881
978914
916521
758827
379341
537066
277945
867267
673591
404336
 82907
315312
142306
794517
386919
724878
914034
186474
701348
306039
857374
572009
482078
484587
493838
175356
 86889
  5076
440876
666098
902258
549109
161364
818779
307936
540705
355846
102233
407972
 29437
506570
  7231
861101
165228
801748
764373
406458
232134
467199
624158
538174
324573
196167
536604
325513
206358
228312
928754
211434
185540
111204
630045
734649
272568
448824
558937
813273
321022
661170
737597
866811
684092
261181
244265
365672
579281
  8638
772130
811416
475837
396289
865942
316762
592456
402546
158627
798814
147210
 87381
526601
332750
714937
156646
 67399
987505
121822
626336
317130
959197
803858
571080
826008
  4303
832261
 70273
369975
927894
595263
142106
255662
 71100
 54747
121604
387863
163555
 40502
546490
478722
187712
150224
521675
520462
865161
678321
104213
852667
316495
246901
686149
792044
567112
257229
134405
571415
605842
721030
457742
 50089
316294
116200
305751
387394
170947
427356
775257
334503
984210
838100
329577
688275
988324
851252
208737
853485
 45925
829303
222504
362420
 76204
908654
670817
643316
682235
805222
731083
804430
526252
188826
854519
842546
305026
160270
229941
992326
103978
521550
843181
604541
359650
172758
292816
864326
 24010
501553
717812
 69935
847208
456668
948707
923413
881674
135876
 83081
563910
941098
814165
884692
467351
519343
739211
826249
824369
415833
 56190
333047
519812
 94093
176228
124353
970095
865338
417169
834422
889348
435074
 68586
475635
282283
525254
940695
722048
406929
 76571
805129
487191
 17670
135646
371883
  1373
654989
627446
827622
995711
 43279
400165
328758
563091
 10610
504987
203796
980705
370325
137317
331479
776026
572392
916417
768013
371027
441672
708708
609427
364953
301632
930908
368496
835654
 66555
740379
837027
721544
884177
664649
717255
927456
581166
562366
  6900
591776
583705
210696
572482
470382
864366
420313
246408
436758
336731
530774
324137
294755
239482
933564
659708
 57466
864472
544556
893120
447379
801287
730147
168924
685464
911149
402531
612920
492315
481249
136172
 84092
 64954
863221
172926
535337
727587
109591
298097
164345
446322
828871
  4834
257429
584706
454750
433489
642172
835574
978045
535293
282954
779332
265440
968230
464796
692941
887113
594069
185257
368363
730241
785701
433317
109814
958627
485006
837401
584570
783104
  1746
 30893
128327
522932
804674
713033
977682
238164
355206
813257
216209
890499
 96211
995542
672291
580793
976690
365233
467906
 87111
 66842
836269
333705
852543
785939
443519
327522
787297
280921
912092
570401
799019
459337
698729
838304
264012
928114
815986
502176
283320
145595
718385
690171
758158
230279
878815
338951
723322
244048
806858
326785
827242
159479
176842
679785
461770
620362
  7307
249068
417635
919399
819469
733006
895089
 34550
571310
159101
479017
387297
661277
278689
 49244
896014
968861
807403
642646
364028
146354
882320
124428
469564
209105
951670
629044
902300
631455
 90814
 39014
155114
856234
456649
590865
192056
706007
485954
742958
277318
645055
221975
180967
822684
500665
230211
235051
985878
 37614
394049
349906
700321
276369
474334
169885
  1826
426004
315281
904126
573811
922448
943140
728925
778682
916141
319790
970738
622149
805745
713697
415819
967152
452024
596786
306189
952689
343349
 57592
938567
897316
451641
804825
597637
244362
795511
283874
762540
221515
115508
183019
311678
 37956
642511
 40603
332990
558653
876746
303729
697154
198843
533778
112973
682347
985802
709759
988536
454844
569460
562480
393411
466776
530473
714589
 64413
774835
510100
864640
 53728
247968
980148
236747
559646
534456
879258
116602
867446
954263
993348
687527
167769
192191
221305
280742
874538
723460
506853
379427
178304
 76314
941907
 88067
543090
472381
802656
123856
763568
312757
504848
333648
560725
484996
570395
636723
 19452
966006
753325
886898
436621
746673
574426
604391
455216
312083
401485
329755
 35543
424691
709182
730199
501005
167441
818267
560447
156174
620923
200655
919743
450032
705503
253391
527109
706851
340139
163833
726303
822497
433510
129554
259118
696536
220332
379861
151752
532415
781347
997859
 84311
206038
707041
814510
223395
390835
149129
300194
547009
770053
 17202
983104
736437
722705
236496
779899
945909
 92987
460084
188564
915484
893594
318118
690954
590130
538450
587168
258235
587218
884867
256094
187881
607257
479488
518743
830652
870323
667873
647198
417332
954278
664400
400437
690715
903458
153285
470614
849367
246272
447050
 37931
678108
340645
872402
885414
447127
927204
472582
705362
 30774
357449
961457
218655
481058
440945
253751
311710
311268
921624
475261
244952
875902
139661
161741
 82969
559471
315026
 69936
408838
 77650
516986
963122
272110
373983
835524
157525
821111
279080
146459
 42825
309855
 20261
  4282
528510
501319
961579
298613
813030
789199
220237
804643
 34152
612491
460656
195893
211813
 20128
510920
798101
945318
104922
831439
424792
377033
205423
776668
534558
542886
 55749
197369
585711
365604
217630
589994
410466
718950
551573
709080
 48332
340773
445669
852975
891277
 58161
313631
 87170
786326
333759
114442
584427
795430
735717
415866
220222
112750
137641
996891
163660
680527
 52640
361029
266239
934596
578660
372585
345062
297610
924158
570494
862294
781283
 16164
715269
188912
 74325
545252
792435
377003
395364
906877
961430
190794
158946
893648
927368
271696
 31290
924259
951708
711817
493251
312738
978056
427847
407750
350641
289262
221712
791152
859756
 84006
 88787
875920
315627
277700
466597
860879
 70135
843600
256243
493364
321382
447037
652311
215031
890758
440359
246321
815017
392068
958138
824621
221158
452547
252468
628908
803188
 58082
366972
110692
917839
967330
199480
310111
282957
993532
293061
660188
 63667
653013
916432
 73383
974396
879821
242046
705779
770579
682406
468452
101949
590826
426590
926570
811984
395489
695390
957244
715030
753473
840568
825722
187664
807898
541554
 14127
607207
535086
823540
267395
115105
476554
183827
188489
967302
580001
946887
189433
350580
145645
657885
968881
736471
600827
895451
 64807
996317
107194
 22051
711347
377019
862619
 53421
564683
186869
594976
 95162
794076
130062
918703
577824
245168
911609
278003
950009
395263
858004
413248
584696
724937
558894
242581
693818
295365
843408
105622
360173
839725
212816
898576
 67424
589835
277548
120846
670870
464417
715822
282384
774846
362236
201087
352670
607404
629048
630673
 73765
 24311
  5030
487014
609007
246319
 45908
367940
940137
857625
211349
562111
217798
567426
774927
116375
634851
881114
910275
272049
551984
374692
504223
834369
149538
866459
551808
 18560
990216
697209
165586
580333
721520
686968
 67347
846880
933287
629607
214820
389776
  3585
942521
951888
221383
 26300
243167
854110
661151
124282
764385
449552
676266
655430
953775
 26987
321320
336586
 95148
856233
843154
792357
 21819
423488
 30229
708787
  7187
393461
158426
636795
124634
548202
156732
583507
500090
378115
609807
743258
748578
270958
383892
 29315
236862
576510
201097
706989
603498
522418
 43576
214998
378651
886730
  7355
916822
826570
553936
141961
833758
463750
300387
986905
588384
848589
143637
171891
865032
 38104
781699
124642
303034
569009
508534
332350
805872
 85044
533447
 29213
204894
572217
589141
419892
467220
992224
943599
384042
818794
497536
526003
652552
961286
826390
155809
 66022
191332
299446
237913
 56364
853903
535964
697358
156937
104974
205892
  5639
427198
290936
 55439
456411
495831
627656
561905
915723
 94877
554129
375675
478919
372923
873211
521275
541828
350849
864017
697637
416871
 55349
513436
171136
628065
367339
707101
325423
524276
328427
 47667
529916
271977
338604
101707
244740
350787
729363
806645
782862
340592
360774
158537
335864
733698
548100
857139
791878
415301
721156
489515
348524
292858
  2951
519661
437275
886642
743114
279051
927271
 71541
326718
973539
859870
181674
 75246
104610
 48813
804609
911256
831676
661554
272030
506565
997418
522080
 54666
854557
313958
469967
 92065
319826
334844
901275
839129
854505
854903
725772
113971
133954
653043
701864
977024
626582
561734
158699
701828
666344
723864
 22789
577600
555540
684343
365983
578458
681761
404415
633124
 52670
718374
619443
661088
 38200
954287
562363
877329
325144
417266
119453
439115
 67572
772496
657331
 44597
399078
219065
719648
617258
401762
443512
640048
495714
515405
840743
861697
 93863
522505
266113
243339
 91527
500839
379134
268967
 55391
849774
831331
449072
174918
764949
568526
130386
348874
857374
787717
909823
256453
523135
629471
390063
924897
589335
546463
936963
621092
387207
315013
714955
426064
581126
474646
517591
598317
853781
786559
653708
703555
134242
619132
394825
415543
187658
525211
280769
 45033
829281
190592
817838
868768
820063
207901
310017
925751
270717
246980
546843
657924
561993
778151
 83988
659471
252797
117931
257788
622930
420842
427848
326485
 71436
563333
721311
486980
750991
762874
767749
312376
108507
474694
646566
493627
294757
370820
803644
736860
641537
566977
283704
299461
128970
578207
899801
304794
347356
 17732
 78934
970287
954927
 23135
813124
 26363
586468
 50787
 29695
337459
330014
313797
166188
438521
788491
812754
932149
599600
183574
252145
336461
825111
819122
136517
640924
948093
231076
540725
252887
578432
558458
848173
548719
 29737
871308
361844
 56100
457776
928983
602148
311588
258997
915945
477776
697519
220788
806882
146020
820388
990457
398165
673201
331920
217288
326070
972845
681733
557146
513570
450972
135579
588380
299145
200650
618117
686806
 78846
190570
144582
  7830
792718
456170
266827
225015
450298
480698
445803
257181
626718
782543
247638
541236
455745
 95910
274876
781815
 68755
472961
338962
582326
440285
990893
687058
255782
191543
305176
942588
786742
495746
 87171
794572
804816
 59693
577751
 29831
509992
 58450
991986
767173
201520
774529
531163
259108
230274
627073
533984
528442
212181
523297
383756
794507
963582
374649
997917
219365
 82544
303093
678305
869286
315191
765476
180210
636359
341522
757962
666190
851514
816412
658176
135039
534284
949058
182554
793393
179332
325979
843729
224126
538160
367027
607882
849019
846961
498883
846937
582678
581428
666382
260984
967066
497926
542812
147277
134285
884334
421591
316828
252200
754355
491356
387239
288639
440414
 86145
598384
136099
928477
442114
360225
466637
325493
484460
832009
172454
983343
195298
271485
 81123
378032
532469
 48190
875958
 75281
711819
526596
959616
133410
843424
728168
887765
334780
631760
176404
291547
717905
774789
427646
646382
733255
304223
629372
 58748
788683
977733
747554
772027
689383
 19039
853150
 67415
 67860
417692
943374
143142
129511
986322
619110
779273
829746
347278
667038
680878
979038
359795
488777
213296
650936
432775
376030
900543
736999
  5402
959291
525682
499487
223197
814061
188870
758589
183564
256286
826449
601256
716012
485943
247120
702334
105053
 26393
 48432
968684
209784
729310
464074
 85931
218088
677370
736867
650863
569753
637410
904214
575155
113053
946249
590995
852602
276662
779865
611191
460226
552503
437641
577835
268515
923584
824955
487201
544990
367700
535633
 30026
 93836
781296
494100
179767
515736
687823
432986
682951
257576
 70396
587166
349083
699801
 49767
940078
552404
326429
236296
679947
303008
788799
633940
880843
573667
 73877
222150
 60868
618867
106202
112854
648893
200039
894150
142993
379806
926238
347168
812793
609189
604744
399541
712707
953828
615695
278826
410258
168099
605256
646554
364398
908264
435354
998339
305459
  9021
 72216
527609
586241
691083
633811
699095
856328
350202
109597
515673
246361
552187
862842
 59154
677729
467586
975047
390436
937766
590742
185615
348025
275193
790871
994579
639592
215487
946285
637931
520946
955306
710147
564907
 57900
917582
715070
273347
773910
581625
899297
805935
827986
451484
668777
403492
129213
652716
378539
 36002
590482
969282
221617
454859
244475
528840
965791
400419
744327
912076
 38350
781625
383735
264849
862884
441635
182431
 94306
714982
472693
675931
614279
278629
503917
582116
463758
907409
711329
116474
285949
747331
223309
771583
485300
194520
532410
 14140
160311
932830
274819
 72388
487532
572796
456123
752382
435680
414110
451165
529987
645444
923859
205918
259724
718840
226188
358192
182598
133597
 69521
815425
935898
333205
555086
707481
818505
749606
756244
348998
909918
689074
623817
498658
692958
196614
471133
445340
148646
401595
896506
678633
 47039
336717
400904
823115
 55557
627092
181307
754507
277041
250829
569932
212940
100386
125018
436773
918891
390977
193017
267889
817247
398443
408059
315905
 91402
604673
303390
536742
269671
704985
949600
948305
752024
286317
865561
575140
858226
492653
272799
129086
286046
523628
215370
498986
624014
340389
935760
 59258
247718
645129
843499
 64965
 43573
251558
897222
651327
372583
200612
704421
642255
421949
170374
106912
690325
973043
972473
265465
831270
981478
538265
476708
267524
578245
692078
282863
718612
548819
734975
777870
796537
380104
137721
861502
940029
389280
275076
107708
761863
992040
812130
920470
413989
982504
 27382
104315
955547
516207
886132
303169
 14037
940749
779877
797914
 35347
471956
 80777
753959
 20775
332104
 48181
333665
712208
185902
711519
168590
 91534
986596
276298
369750
978636
604780
290220
908978
103636
833955
529645
575536
866514
415777
878705
880552
872879
174935
194818
908226
163243
791947
178537
700370
124051
743070
 34035
352611
928972
745555
521201
 20507
248503
313852
390257
227139
434984
196829
652469
538621
547136
182114
114157
413651
597892
509214
810555
987123
684149
  5373
895349
847392
797320
590238
547763
921371
333308
 98150
273982
262280
843705
311536
799139
 92208
141740
705748
835700
576724
902578
488169
115345
449714
670284
229502
379717
784528
738717
190272
771651
939218
195645
667000
302963
509317
257238
850726
430688
590546
948876
221023
369178
308934
 48911
684670
401142
190651
390418
753194
767375
809348
241364
399073
775415
428000
144927
155132
212528
399996
861757
984179
339215
573754
167531
642178
 83072
941121
  9256
 30112
 48019
474484
251135
933549
783418
816398
618219
700913
  7049
  8638
970459
290777
334338
211823
689850
109753
156175
834777
781238
368703
234774
642995
869234
 90341
216749
553117
248871
299821
 10590
258127
329934
574961
732611
 97421
508511
 32382
913820
643082
249647
437221
168072
220106
727998
502411
948282
934200
612164
104457
768978
393402
989513
520104
552749
858747
126797
769499
928217
375668
 69320
455159
633795
915606
 30121
882758
529380
 54984
915140
959552
698066
681139
913125
866139
901246
641124
884902
849528
 91676
 13418
953985
377006
923173
943498
897110
475922
318598
 23907
245421
763167
915927
831094
218326
549722
263052
764799
948833
792432
819783
380325
268336
 34202
 61465
181462
900341
962711
338938
301595
812239
430614
315013
282576
807621
238186
742427
221083
714109
 61025
761343
475882
340544
677270
306976
558870
743345
 86381
323670
692178
395165
659805
 72503
663502
694007
133968
361316
110700
613031
700254
412295
425270
130868
727309
224199
454841
965495
966626
675925
195956
544003
953620
671839
400899
630890
495167
959769
374235
581548
799791
582765
493066
459597
655269
156568
669956
789237
517884
780657
402269
734490
192952
343891
381710
920261
 84442
836552
402109
567420
 28829
598065
627775
982449
786256
 28674
129691
281424
504796
 20279
379324
304587
603044
872390
280536
258313
545310
950493
563903
 63194
247502
966172
314036
440454
826415
695747
877068
910858
532299
279177
994630
 77480
393594
622406
 59929
179851
651080
705972
977627
155876
726251
356951
976816
329296
745694
773704
587609
291004
240549
667864
870551
488051
634036
184587
928506
976804
396686
321926
404014
928985
117455
398644
  6465
511049
 21050
582746
207252
188483
288719
184879
344359
531322
 58183
837527
860618
320229
611232
964580
611233
851781
632444
998136
339833
782833
699076
784691
275989
 95762
622969
680003
541100
740424
594999
 63917
251473
132402
646664
975078
320885
451735
159957
181596
499409
218140
535476
360028
538369
146708
840960
665955
514841
989756
180443
371026
772589
879519
672069
564930
491634
295038
244933
 32734
551814
356285
 96651
803288
488687
259667
778366
325924
227754
454675
 23872
727164
189168
559348
603544
243889
222408
444504
426196
737250
434260
606640
624628
723202
  2511
296698
288132
494145
108088
 49418
526879
659903
922055
139883
979543
927094
915902
757909
253018
143657
728936
793242
870821
918104
868943
474365
161994
 91351
435221
104542
344953
869481
711182
969582
109035
713694
782632
397168
207839
890720
962938
251071
550623
884993
907306
530166
812087
823208
804427
581457
966865
533364
374699
354038
967820
243642
344755
646166
851346
779976
750709
196299
165810
461891
682233
274845
691937
464865
188365
416129
355586
151303
183552
422561
552648
 90858
952728
364735
430418
273507
462544
913636
323223
837244
267674
807396
597238
128782
453562
448584
908758
720623
161236
 74568
698867
359821
865766
390804
824687
 54131
323285
696625
205435
506837
635538
274435
114047
104618
639171
544466
378126
618067
458102
217701
455311
242128
 25097
568902
370910
478660
533838
796021
715635
695074
870589
414502
 54896
736355
321659
395935
306839
644944
608912
 28626
151782
244450
303061
782181
349069
458584
326647
243547
 76652
301101
461248
 48315
 59582
486346
617217
946844
481358
151056
742865
196993
362482
129807
127848
933730
382514
449507
329665
689353
610803
454929
717979
762585
699380
537393
 61119
564801
995977
387766
324700
588981
205220
302300
637297
264802
304998
254514
727998
786356
921922
470864
499702
284405
600671
143902
218135
499537
109761
 64153
188891
720564
519082
423222
999502
734814
960615
 60621
299615
472945
964739
140667
 61926
169959
442968
699223
951113
747966
470090
679112
 50675
392012
666328
 66729
676417
783351
726983
894553
282888
836744
475058
988131
557308
994140
411354
556810
728955
888321
133783
544922
361266
 98523
201942
939545
784834
644910
155120
735948
909228
625210
931412
959903
 17223
114092
542984
693640
897443
269967
104545
180331
106711
579603
168463
180372
 90096
 96169
737182
819051
984490
387318
880325
862109
485841
 82267
801654
270675
243529
956774
522975
152758
 98337
970739
629013
115560
 84831
688350
325552
982274
958317
430098
162606
581381
526053
847421
761753
616149
943590
 15287
951552
444432
402605
831878
822893
404798
430497
624547
675474
674027
 97674
714801
343137
712363
685541
972150
827923
770372
660500
153475
752647
135170
 99925
431605
716551
142331
795378
994656
758480
738968
526295
226385
699752
445253
574615
522646
850051
  5112
663545
 41877
195491
277571
756679
538628
989934
442220
510779
334209
212592
687631
487685
481591
822801
103962
429548
 55704
246293
224926
566712
521126
480246
 93008
747511
179999
 54613
322126
218997
421016
843590
882542
462894
 39082
160114
735925
577710
666400
694497
604841
   610
423441
292473
  4647
905033
631626
624961
334581
687331
387607
 75860
254043
908733
556106
863403
172596
736105
434368
 11074
955102
855385
371016
353997
834631
410098
 30463
570556
504161
696863
781405
109002
213825
204846
917827
218472
626231
 65806
359786
477165
753137
747393
553025
523532
172478
109131
903288
345074
361589
337656
872500
833043
193041
243516
187040
544024
169967
217503
114580
674128
430719
412337
299482
644544
617184
733662
379369
759767
799468
255507
236932
 68957
  2900
789957
592489
175378
415441
 12129
 36804
777030
349786
425656
610073
 59179
669172
313466
603204
839139
530969
234136
 29619
478040
646474
845454
638937
780010
579116
534658
539777
378584
790165
293062
447541
793065
 83019
556382
484795
498460
568512
 37951
791842
434650
463607
401916
 10181
132779
231734
613385
488271
762703
363874
517890
757096
526700
879696
396033
823062
458812
930691
879191
837396
720856
172253
801289
 30273
255273
357672
515068
270085
442536
553019
 61928
877186
532978
980196
887367
665757
211930
 17105
670380
490985
897331
704623
764433
940383
584319
160466
763445
 43132
607509
158988
396880
328365
331242
714522
874990
102867
588546
906410
372952
 31082
975781
951232
424620
508759
447780
828339
690869
176062
361796
361249
183400
775479
582224
947833
715862
166544
624652
995659
726028
232161
154648
639260
 76879
485890
353782
951869
588757
942328
858280
478061
489762
834061
945646
430734
342821
393426
775426
 33690
 85841
653574
911291
269241
429054
493516
733426
661268
176412
358078
173280
902440
590240
327928
541700
667119
330170
411835
135340
435279
870515
993620
429692
360278
344034
375338
307364
686855
285117
 82790
236897
370958
252717
148188
156551
681771
158056
889977
343039
334468
764408
 32671
236908
871000
360599
294961
 54471
207121
706796
189811
158752
577311
183432
588445
453941
527466
963783
277658
730673
248900
876800
967570
136210
129517
632110
292761
327640
790167
699091
670680
640987
463499
703351
877896
850851
580303
689209
905322
303776
912357
 95133
462529
  6020
794917
 50974
459962
838735
531109
253972
 85760
296362
130772
569682
432572
776642
201793
241686
104282
508312
457129
291314
149299
436980
511018
543547
287831
 91321
749108
193153
911449
661465
804638
373978
667486
599556
941304
643800
954643
472414
897772
 40404
768776
544896
610086
717700
321538
328231
959386
425821
352895
416515
233487
 18547
369847
744505
 78446
657678
352178
827555
367183
263628
489020
171822
637606
156506
287730
578911
316658
242373
567677
214430
799129
336453
275679
409216
 54153
113569
737447
529892
539390
606695
462759
289230
625242
832607
 33735
703688
  6637
385914
531243
373821
165894
536616
 61995
803500
209474
349725
898763
526133
108450
982792
256915
907580
319245
532594
316796
889751
646164
570595
419643
701906
177290
398754
991136
318884
231361
 24872
 22573
754351
927138
 70168
128172
 93032
606784
190167
412884
816259
 56244
828000
342392
164694
810792
115659
 72274
646390
648254
389070
536141
810770
476018
472136
 29028
169660
870890
 20165
488545
618604
561389
 27470
372955
  4879
 97638
501127
 97911
704423
207646
 27147
 37034
263890
855147
895778
944936
182292
 11437
 17211
828682
176043
922633
364823
986813
398651
353311
 15842
 84664
740553
552359
573209
359157
630100
600679
732112
634979
698317
749591
249242
919092
473589
276389
956126
253831
647889
851904
198768
830181
863342
215979
658863
555737
138612
540038
542551
 53616
409701
 74745
138280
150254
143456
227841
509412
773556
344872
757876
924887
559541
 23820
690481
994986
497409
483222
951112
267593
131111
319369
466361
477644
699063
198692
652859
254800
853656
709249
313703
907272
118950
388448
561904
269205
 48256
306097
294969
338164
167321
569197
263051
726863
593017
469884
721849
606779
953107
189313
874372
600570
508682
857085
 78215
207745
 55777
247426
462546
909433
956676
292601
333058
591978
681050
411314
377535
245658
233764
672504
583823
401085
758054
363226
127948
351071
833111
366149
474202
302570
555463
864926
903140
580497
722011
497707
788243
294140
745134
767141
719926
218162
 59742
569336
326492
257144
497002
704028
 19155
730766
892884
602978
131852
650938
482556
776152
518362
832019
142302
992564
134589
214117
373843
554082
794614
 95854
568141
 99209
906347
829627
382702
626273
 47789
958797
711961
890634
732293
208963
594662
751448
939730
487546
870778
587934
654837
869687
364086
173199
701706
 22740
682115
352648
753209
 55958
423082
547824
668165
991223
163385
574512
820851
 62440
717137
384992
 21237
429098
275626
269882
638061
386640
537683
 94143
874187
408461
682077
529024
278148
562516
218575
496207
585256
900690
365207
338466
956649
788289
402642
624814
295864
 82379
715678
633067
144819
432815
 18060
682408
378265
810038
952291
532678
713031
489974
626822
103570
414787
825251
148946
209288
387767
367521
705495
489376
268211
 70702
344194
741212
375343
263188
882378
671207
861919
598056
304275
  6739
547223
838687
205499
441840
165077
674142
974519
878108
680468
117693
981678
 95256
942944
130624
820896
847064
 14497
526391
852792
799061
113445
713338
540273
  5140
976526
939004
676347
838445
537060
980622
361536
600636
819309
 83388
 42476
984387
757530
 16995
378847
954351
651040
876878
 49607
110337
  7502
386855
957401
538352
913246
326545
337413
543043
 39883
877686
548183
 16409
816690
740882
371206
870103
721505
249095
987091
 57166
332483
545919
557905
606365
 79267
936753
560716
730307
813631
126675
840644
337485
513530
314397
875837
943128
640942
213250
  2523
680825
607289
 67058
213586
940331
807941
101145
326786
529446
350240
313877
586612
199075
859797
144518
321792
939064
597623
398861
185723
411254
525536
 26368
265091
555419
340765
140929
498547
498060
870531
501071
178885
994172
568129
908824
934504
892422
  9969
777642
421868
876561
 91520
524833
591988
467669
185703
913780
923085
783326
312641
625160
710932
354530
651528
976023
909949
508646
633304
924848
  6706
 20188
425919
701943
 14360
510401
610767
465216
402823
137088
242859
341044
 13649
850731
865877
121989
834752
 51580
552122
757837
351258
381115
382997
 62190
735645
550878
554565
645594
 59524
187870
 86795
582582
208058
512714
284525
222418
539467
895293
687635
458643
548733
446846
316039
 78735
297577
181916
200724
132329
749848
752846
406518
617458
133962
789515
679648
385959
856745
234213
547906
432621
938435
634701
 15203
662845
663767
299729
885264
203235
711374
 89251
178230
776459
536097
494269
855194
350026
192537
 55919
482355
458737
325117
888873
 76195
975431
194740
755843
361391
 51486
506408
909297
484107
961196
543998
 15663
624041
207765
315392
 25657
927352
543118
114908
105582
319577
167357
116203
691124
 33735
308740
747043
516090
767477
 72160
404963
843672
 47592
116056
115867
925335
167542
138628
834632
168001
 99824
894982
183664
723865
102747
 15408
265875
546452
 74878
380783
168386
910808
 64493
284590
601932
 98228
593330
348975
130671
360808
937487
 51986
720832
501431
168042
836700
943118
851936
491680
777750
536290
591504
672732
719954
831721
291832
251715
 97596
354636
326593
994732
523022
753753
575577
807612
355685
190157
917295
221012
837180
278103
674852
889167
515287
692635
 57209
868339
635754
425498
360019
929856
961788
467875
118941
198094
815949
927125
449809
429897
281761
292755
424629
804783
562860
516558
128748
918546
223068
 46043
655910
 60248
324146
330762
949415
355785
539750
522977
224125
175504
464827
100496
105360
426615
568372
740653
624709
384321
667778
590871
814218
949539
399978
755200
270675
962838
788110
399423
881384
 11178
445466
 53647
 71427
285964
384409
537194
641749
924159
576523
865874
616015
 41350
966371
237728
467965
 51095
978381
609027
951768
646160
716250
282338
112051
116228
553890
382726
595418
342001
782149
993155
869531
227615
 46802
940958
513579
947563
994505
155329
388075
571028
537555
  4090
612379
 20278
758170
596696
587725
252904
722075
539493
415416
954677
338184
527467
587257
892074
426546
182676
750427
208695
175831
619959
952663
222633
 77269
982594
686548
 71774
654275
 74623
159155
191831
595066
287886
728461
353236
884582
316187
606140
123010
372032
 21556
 77687
226568
 65376
664945
118643
491922
363973
869070
216969
539804
489029
169632
278789
566299
668579
965337
154425
322854
556313
313580
 31037
151379
601466
759499
 20967
  2401
592038
627108
641763
480422
165016
235802
706991
746744
900747
341986
755018
781072
211056
971988
837228
216438
657972
116017
299089
326551
597707
969866
165758
670372
283447
196795
821751
401265
472646
359070
403666
 64684
986178
 45429
 61459
667547
281232
284802
930643
698331
626788
685662
479404
354196
174002
832984
570634
831974
465354
386075
674878
579413
355942
840636
249785
155741
553783
587888
557006
 26430
946958
960673
607466
449489
522454
668925
633388
320038
470079
564031
 18370
 96867
766045
 14126
451064
940047
363462
538050
288374
828816
440478
963252
408229
796420
320240
658014
952161
874023
762254
 25519
416805
709213
986192
 24272
158702
 24999
693197
308442
345037
163277
872473
879759
776496
638519
410237
743912
578566
773700
281963
383292
602516
238793
862896
527098
 35213
183136
185112
503726
573512
947367
529245
990317
172932
 31790
 14589
847986
573141
224139
156428
918178
903768
 28901
314290
196616
183772
724527
940529
278691
498227
738844
661983
617096
977637
524880
144194
529202
224368
845658
 32928
314232
309377
 78525
304550
482309
626667
835491
846647
199808
575982
  3075
634339
996102
548329
948629
192719
732101
673156
649600
 10792
687736
388444
189128
304832
366081
230360
965378
411635
454728
811036
960915
768961
120414
 39440
589863
119075
182460
941706
965723
382268
 34041
968798
 16607
 30143
 33479
965236
739214
765581
154745
388814
292725
842481
293610
998205
663665
176043
228565
145395
587678
683294
956431
548593
968607
593197
104386
 74822
228625
286846
532880
194348
185466
566921
679498
202074
113417
712978
683662
368983
994911
838407
274150
803988
197240
567760
802194
377257
260156
547111
522652
847834
230405
995436
912780
715364
588633
533518
306538
333610
820364
839419
527958
  5830
922692
723809
724256
552461
953139
407919
921445
464402
762678
195595
268390
476271
279707
586936
853528
539863
134048
892533
904050
880805
887969
816830
112522
992954
866700
419060
326565
687064
774831
370875
209246
697524
611036
933503
766337
 80527
857774
687782
544929
136804
399729
329672
129427
679437
916608
499308
735652
 50656
391841
639702
931462
796162
972884
560336
305468
839584
979396
148385
 43000
754228
 35613
252247
968104
646649
702102
734441
243529
 76228
938576
788458
213032
338305
118130
342460
534094
551091
841768
269747
601747
749961
909449
 49561
 62475
398686
609897
367943
238270
105646
516329
281271
376226
 68294
 49870
860682
714943
751972
111475
474824
344552
 50051
263283
557584
904709
897765
416396
438803
448856
774516
708550
566956
 40829
134352
132869
103304
533038
259119
987600
287660
881117
503929
 85283
257343
572223
135153
118025
803518
403477
229500
278343
748029
795904
 57978
821966
700613
472095
754714
655768
437304
 45583
364319
  4260
 86412
 15023
653481
706069
 64413
428952
693669
352073
310069
197598
953709
567412
286173
 88862
201789
606043
492340
947642
400738
756721
743546
458716
578687
960511
447164
333402
616279
884468
378985
496950
888728
981749
511973
 58561
687818
 92738
487514
381487
961164
797583
 95437
914873
881348
381610
520087
599489
504006
528779
 63483
904744
285501
807029
879813
864188
283892
326977
713942
900172
211445
 92927
913474
616525
 74677
941800
675086
762495
 34538
678952
660335
512054
992888
755772
426927
390588
137383
947015
990077
641389
475794
 53561
 62485
277647
376942
942298
141836
660835
269275
855778
 77359
480720
465058
990833
613597
 56087
932633
805036
818582
483524
483988
478917
995578
993228
751042
938858
383816
888425
885873
373894
 46166
878019
943807
625003
672019
837101
567302
813855
 14288
352929
185985
 91647
350002
651043
598833
963599
707130
 47818
768635
 42065
531342
768976
 37334
 43273
762204
788376
982131
146021
193153
384356
 36267
755671
262375
496426
380675
934394
333527
464329
264601
347816
817258
966939
439463
167260
134334
554648
647212
357817
602467
415847
399882
650161
701175
953568
693434
463380
741945
675565
125753
451450
 59921
162020
723474
838649
658446
104149
289395
991973
568478
 70349
339789
902088
 37288
295605
 69349
171622
366605
232913
529439
969072
648760
445673
135586
866288
399242
829020
329668
657539
 20938
455421
625341
 80859
133793
348815
435860
792239
452964
725256
300564
537794
795605
156706
956235
349245
452311
541936
 37219
335268
774849
566659
304341
939961
528684
956279
806249
444278
785299
135917
618169
806237
107690
243511
403449
241483
592326
839309
 33722
561643
 80917
850639
615789
392874
  7345
572024
742119
976008
113960
779339
311276
405161
862350
131969
345123
907386
 88248
151372
351665
873548
803642
969834
196137
911332
213345
115938
669168
322024
471600
219242
400019
552517
 69881
 15808
461744
 77226
104185
203863
 53234
734497
499554
364511
139659
878256
496480
  1134
785643
584729
152506
653660
974629
956148
623494
687118
383833
353192
319409
 53001
191568
791009
272243
591587
859878
342125
123747
321622
935703
227932
 41838
988938
478782
 57744
869801
134793
452353
366281
135927
237996
467362
288433
408008
958343
760934
547854
161814
144767
417398
481223
714120
608966
272232
502715
716905
648462
844840
840653
970085
296896
584937
528275
285834
 63719
586019
671987
198512
 38372
 38268
334439
792720
 21983
139225
200728
496678
900159
748583
658492
561278
682333
139715
791750
291300
928299
294465
  8205
576762
139306
848858
546847
952554
950148
 75122
238388
 13867
661141
910375
728732
215866
464995
579523
  8586
  3330
235100
725667
500009
651611
990602
158501
212889
672935
814569
  4639
964235
742868
815457
488793
319630
471115
854003
866477
423669
804151
457951
178409
334371
635445
 88784
579455
851311
 70131
158978
376249
589814
394079
101916
606175
 45690
 92518
764676
774932
765454
579245
295923
246041
838466
111380
734834
158096
582495
588838
540926
522516
909341
998877
700925
243712
150674
306061
823167
518337
376193
498498
894587
482359
408929
512855
 88534
970971
605374
369562
745903
887180
465160
558179
133221
303626
185911
384408
461722
284759
973246
  2648
807275
882587
517878
508201
642652
668552
814262
465819
186890
706807
480669
597829
189166
889598
110684
277700
860570
232410
163615
122825
119590
628775
681004
769164
932401
866916
153572
910475
151675
643170
913124
958950
 42109
947354
983503
684761
615906
797766
666933
319148
504573
147602
916977
210092
553553
544014
  4144
414123
776424
167759
536948
896015
796534
734305
665179
245287
601221
335103
155763
269248
978273
585239
744550
 20382
532593
728054
221496
664851
 42172
404781
984000
 63097
 68735
417329
273189
622288
961343
793686
 36411
254120
961445
 89712
150135
274332
824017
331666
519619
941590
183121
191734
727190
161394
776973
471740
698128
309566
716146
435976
974418
274670
840757
474770
337768
909493
408451
127309
 48133
886147
920995
600897
140267
398793
690609
806754
673125
 30978
654772
709096
488920
837893
900831
216110
515639
194156
204202
213767
503723
920349
166096
994493
711371
  6853
985615
 49139
432698
394066
692801
997184
796565
613796
598081
936832
 12589
805042
259938
202066
836020
914710
427515
324940
268955
328346
541050
784594
 38854
261604
514714
 58929
181953
197162
 53422
409677
720367
555389
458816
153066
465808
667969
666602
262373
281766
264683
715558
810707
 69725
975496
529126
422097
406559
956641
747037
191866
801339
804439
976461
840193
 66043
  7527
899123
764349
204689
468897
174026
925056
 24287
149194
594474
490095
817164
261076
752468
615282
 42111
468026
942341
111836
959875
471467
533933
366434
428108
797322
 74652
229447
118113
 51113
 69641
184157
574992
485116
464858
296033
954013
155236
737442
978300
820782
848268
468395
637946
625697
737216
769580
667808
205242
711922
779645
681469
183389
829930
 47903
127850
627253
122556
873649
745366
690021
459642
445875
781366
944758
427085
593751
898772
582321
331193
393424
403104
179462
861820
557402
321511
115388
843335
989319
836982
555257
285316
518452
254998
115247
 82707
899200
258852
721615
772850
520570
927989
232492
482798
709355
693603
909883
303106
108727
  8557
150652
502151
928013
846466
880323
  1767
167977
995711
845102
157296
832694
916711
958965
351146
688062
590564
433853
587262
365768
155469
876464
886338
 83458
625309
885488
309165
318912
311724
128623
427639
320281
279275
446142
764646
642093
326466
766413
810070
322177
127868
483719
671223
 44579
959036
 22369
248993
549600
972575
352608
915368
644396
229072
318058
244206
854381
203547
553371
689645
515271
681994
633636
835552
477622
 79779
600198
636067
406245
882963
446138
244774
 10831
446209
915998
571763
405245
454719
820756
954845
943646
173364
386565
588042
918789
704623
832248
289522
908170
901971
979168
423441
583966
129156
775345
577940
208935
891895
214007
131532
291211
176497
376307
302042
139058
808657
390157
544303
779728
210914
 15500
723375
900630
402065
311417
335771
106689
660018
625294
 14859
561989
120814
954653
662307
249970
246350
240247
975258
138246
970607
106790
429457
663456
999449
247851
802515
324458
638009
346818
104187
365275
878671
827562
782257
280736
655331
118029
387425
315349
259675
918637
877339
380489
389642
539646
146811
635992
296246
122069
290590
266853
745212
236399
930309
261013
484251
249176
585472
638612
595995
206011
  3887
474666
549925
302496
271754
205256
420525
175532
 36958
680200
610521
914297
577041
   163
970295
723853
152507
266541
362274
959450
 49746
107486
195849
496408
368500
680100
745584
470324
835064
857931
192687
355303
848949
742612
657800
120704
464220
 78325
296236
501178
274878
906757
931827
851919
423272
902123
 92124
 92131
685016
454399
 51581
251115
561885
247431
747523
446737
443883
  9459
433413
278948
867391
626100
634251
232692
368712
808403
353396
349285
403081
165984
850463
677959
589093
782291
 46230
 12365
200766
138355
620849
402134
109106
672430
653249
670991
919861
400772
634081
880097
926584
 67494
675397
793975
209947
826000
 26667
 95011
634404
896416
444296
 37485
 62400
811112
231796
651494
109755
794378
180211
310521
449085
801060
712655
558191
473491
365905
745535
909704
283029
379616
306153
209613
963462
981550
519940
689761
807551
 62960
784773
958307
959376
229069
512144
538128
556533
260292
705974
666288
 54670
886186
976809
503756
203598
205817
578299
193441
 88074
323834
103146
371103
219802
925651
 97069
183265
907202
617009
389378
231105
196321
174151
705764
155697
919573
217908
210178
476106
478200
916152
142395
 49222
802338
635556
 69330
  5937
841373
647630
199378
445799
971464
818876
333255
191267
260880
430324
890884
168082
563685
280262
915539
760007
970766
137655
432056
406691
355563
642234
882797
350115
558387
541544
915689
877077
177101
985020
399366
534826
632650
598745
496978
120466
933973
830233
828085
194853
776909
235321
879287
340594
 31936
311178
616953
  2702
448833
565362
409393
320748
207596
808542
187215
282335
350087
102905
159413
 43540
 87925
558779
 94718
236927
673876
591696
357393
124202
938281
701831
835407
715190
937152
231047
572137
969088
542225
705442
971790
507411
270804
897535
344511
994753
706078
531727
277088
572517
150984
952853
132409
755261
 27985
743479
992188
218213
335176
865933
342415
789809
567764
177823
505000
504917
925222
 77137
990357
467447
782579
478500
491210
569736
376035
835722
564489
598465
883801
357929
687334
551137
310783
819743
306398
338768
563223
814938
556981
414751
680871
415749
204560
764988
109924
225912
786257
 35146
303049
776614
 18945
601981
255114
510156
171717
631150
862230
252558
745967
262383
610487
433302
813520
921270
253045
636270
776390
332620
451208
849724
263723
648431
781825
468284
413419
891749
694196
716028
926895
513598
492643
462192
631931
264109
488700
320000
411611
350930
572558
157579
129665
699397
107233
459537
137020
876630
 95807
913410
209251
 63367
279486
472974
711799
 61311
457610
641570
469412
668159
357599
396307
181757
366594
374852
330040
630703
863552
166392
558667
214483
255302
716246
860500
954699
823479
320038
 91719
700109
415845
521482
425712
479213
800968
898687
707364
378632
872649
348934
848044
540808
222885
760704
238917
105831
135556
 85309
736535
999108
251701
295202
729943
507003
527800
590444
461703
867631
910482
 69774
 84092
326327
591256
509805
321892
908577
924844
 29256
287209
797493
378191
651605
854654
117428
412309
 93571
223260
547865
178881
476147
 63326
946934
287701
793269
453938
815501
383713
431993
199484
294195
501767
283576
136875
 93024
793381
458767
517953
234577
  4376
321514
 32071
382567
973119
403077
 16347
385429
 13000
239607
449646
708233
715754
512972
655168
  3455
822594
625458
335308
206307
 57451
534792
 16855
559218
818369
670082
168594
128102
645201
202899
362680
649577
524413
911103
 32144
497533
314180
564844
399314
327180
804451
848960
 35414
520206
878285
206934
 40013
700879
832392
375322
423538
889843
426466
956745
965413
244835
626827
650360
889290
272029
853259
251970
921606
377673
679425
470103
391558
993605
 34947
790872
837137
355750
156184
388903
875956
 34469
595837
432322
251700
428229
323996
191591
834424
750462
148336
799838
511650
291516
966550
400940
563545
336161
652910
  1503
230186
332335
987958
621744
842292
 22905
928968
679429
378656
 85153
584685
770964
635974
180522
719638
887675
608752
 43634
595618
443176
794097
743954
759366
305747
551822
242268
706687
115367
578430
875949
633223
808616
724636
621181
946713
 83280
644087
875681
762709
539095
960834
863746
826411
113161
 44269
546050
517188
169373
589684
112806
128901
900133
373112
888268
205880
924935
130536
428919
 40302
225318
304868
189877
550287
 29504
811059
497000
112784
971498
372681
391846
 26945
849868
255592
853356
963029
816213
915758
480217
985586
 21795
109375
114488
921928
482487
519108
644161
407422
165996
 73080
964077
391315
377949
153954
941602
923805
965013
954954
552942
452863
843987
461140
479808
693855
233084
849517
173236
 49298
765275
169805
551236
303422
279180
665724
741703
761668
184832
385864
169090
350829
458944
649519
258496
353245
319826
716450
793403
801191
671404
862697
254055
515391
840189
733863
725599
 73273
 99732
898835
638923
381360
 68641
706512
684782
347821
372236
426485
625841
 73421
812349
311284
940602
787646
960803
715450
657243
280629
431900
450646
598173
103304
313343
852228
135047
153532
102443
860646
743158
202176
275834
898433
583536
344475
604945
784670
208648
977182
727508
834490
566955
539857
145774
 23909
843855
622929
739359
501099
419911
171259
468097
 18084
790915
781441
870312
925962
451325
489107
302961
710835
207635
578795
609269
307523
923270
214214
 92194
648270
707748
819702
482760
791055
875911
144886
814964
236119
284168
554323
737218
704079
725582
205315
238515
516497
503108
625179
958812
470786
114286
261773
181621
321922
840568
790890
629445
280190
521457
237991
928460
229205
574045
927573
536613
449957
588811
351577
686076
872979
905901
939646
 93410
147835
661313
331925
664333
164422
957104
139497
635208
587743
401270
333181
426017
241838
124072
 55462
 38380
161881
809806
966840
907438
383851
410765
444051
350160
999577
795629
552588
388908
217882
492234
482319
365717
669900
330596
546402
834322
804053
685899
985882
391796
 87169
835415
817813
845359
959487
389627
883739
637720
199433
366932
545159
 99637
777697
989210
449797
293626
784839
  2386
682535
519073
 10972
681206
884791
680872
 11802
431193
 31546
332207
117093
533780
240355
720614
369196
 58168
 82326
845035
964148
482417
482756
679933
849349
 27915
779570
143399
 17125
229368
437025
318317
748106
635912
837390
759078
833470
238533
439951
361625
186079
987849
693832
303172
521630
934188
540138
890826
508708
622464
735861
472856
104882
734969
669142
470583
762884
448712
613982
296362
194432
567360
131031
942538
719624
484773
217969
553095
723307
174272
431072
909386
162121
124904
728910
683751
575444
269048
 90929
 84153
407865
343143
 73361
 29099
 78112
258855
499682
840997
707568
630017
653711
418352
713729
784742
877243
433353
269515
611564
502800
509174
785836
933872
934912
947957
575129
663822
148061
150573
449223
238990
751078
373440
582133
340792
402539
660246
599647
418573
 17595
823567
 48590
671306
758272
762319
972400
635515
712025
758267
247079
214825
267442
 32915
665050
718706
497224
240179
382529
645285
907104
348104
400628
658183
721544
982761
515327
640435
159359
114974
 59008
693306
454894
623951
880964
213166
902622
853364
848681
614647
611632
612112
345825
395426
161379
 10875
114132
174955
767406
 13013
820241
190862
877469
737221
849045
115365
236334
880724
755800
395694
995699
331161
605352
450593
955112
486317
663759
857734
339681
 28792
988734
467665
157256
334559
379443
318635
861786
  9928
493590
145544
 22941
830183
336406
416763
567404
701804
532128
320091
582528
287929
715785
 94579
619090
837489
 61524
 90554
323806
241635
464640
179840
270427
453374
647505
427683
304285
543301
262670
682423
553229
272613
827967
 92522
102796
680726
509285
186553
382530
 41414
 22996
481410
845695
738781
 92342
981137
 92622
153866
588043
416429
395502
 52683
596269
182281
506058
760126
126317
326695
303427
388987
  9119
373008
177952
353438
465531
797101
 34164
491168
983654
933046
 48934
  6650
930809
894629
261783
 23151
392118
870757
177017
980161
287186
 88871
 32845
883455
271153
 55255
643582
913822
381950
463361
302809
907421
836370
997114
260860
818253
794215
295024
309421
294221
744423
358356
817223
675232
769337
595358
698383
677808
466115
391752
657969
753302
996976
690814
153109
268129
262421
313043
698303
160724
776405
  1112
 68145
129127
514578
329005
947380
308793
140382
256801
603014
401157
131509
420237
 76389
417199
 15595
291124
 95007
481711
199228
269328
751365
196204
476495
904474
980685
738916
217518
678988
899640
510275
196453
484138
639402
711031
329495
586782
 19825
986229
359935
139191
387386
  7797
559429
980127
941348
 91376
271251
552707
 89439
986832
822035
840804
699388
298530
261631
680074
 37447
995501
875414
453439
505776
588219
453929
661530
815603
783425
764664
351780
769654
124599
490971
157041
648748
566752
137168
590096
658129
924772
142803
263920
911604
481191
621077
610992
779721
882708
807418
333520
394561
199185
303312
416689
787404
757241
 78219
603007
540666
359235
954787
826673
   186
962111
983714
648935
528863
637234
755383
703344
 78358
414539
967265
506314
895730
588342
633659
675451
987402
441077
525324
898315
156614
828636
315004
944019
585877
909575
 63378
642896
785162
534518
469569
785348
496629
969635
434283
 25492
123221
706019
728837
201580
120558
212454
224246
 16288
317148
857905
208091
820902
815335
249767
719217
971949
 78403
550573
432320
180633
976500
495699
339881
761662
 30217
809450
547010
526846
295437
497646
 68690
935010
203665
313879
136590
324223
526333
877189
856863
359833
735094
 64954
180735
550429
314722
416304
522379
909477
966877
471051
 90110
459729
966750
429991
221391
513319
755793
284754
556517
567582
782400
625208
502593
986065
939087
155535
826640
981773
 32724
683503
341606
767819
264809
522342
834600
 95883
938646
873331
  5361
421876
344383
611823
881605
827485
558167
619349
340805
830312
904103
897322
397895
202855
 38882
900488
188920
977970
572375
531912
476095
605100
215415
817701
889271
996576
856395
240223
 92460
311394
113555
614173
733270
457938
225996
131227
285423
300515
750576
142580
130828
171031
 39903
528723
373886
595137
945563
 79158
573107
 34290
127422
 49202
639390
342837
383256
 45013
855766
239651
285237
948226
551045
915144
562399
800667
373082
304747
931895
174857
605263
198823
833790
736091
886207
390045
781166
776445
985182
243081
855604
558290
277371
499378
123844
433114
358568
507100
994479
214334
263104
279716
162560
814149
194860
241311
614817
 84294
546058
 63064
775504
151321
261887
609294
403764
148094
999339
184930
924540
984521
428011
296496
 59163
221735
795874
699360
171201
154442
722812
165680
368776
985916
961749
 47688
800066
672961
288999
931235
757256
351410
994299
 49112
502731
772538
174758
906496
920633
690449
607778
361525
674970
552142
174373
250486
773877
970247
949846
945078
641042
672658
627110
526170
174927
588859
 90211
491345
261821
895562
